000000000010000
1110110000010000
000000000010001
1111110000100000
1110001100001000
000000000010001
1111110111001000
000000000010001
1111110010101000
1111110000010000
000000000010010
1111110000100000
000000000010011
1110110000010000
1110000000100000
1110001100001000
000000000010100
1110110000010000
000000000010001
1111110000100000
1110001100001000
000000000010001
1111110111001000
000000000010101
1110110000010000
000000000010001
1111110000100000
1110001100001000
000000000010001
1111110111001000
000000000010001
1111110010101000
1111110000010000
000000000010110
1110000000100000
1110001100001000
000000000010001
1111110010101000
1111110000010000
000000000010110
1111110111100000
1110001100001000
000000000010111
1110110000010000
000000000010001
1111110000100000
1110001100001000
000000000010001
1111110111001000
000000000010001
1111110010101000
1111110000010000
000000000011000
1110000000100000
1110001100001000
000000000011001
1110110000010000
000000000010001
1111110000100000
1110001100001000
000000000010001
1111110111001000
000000000011010
1110110000010000
000000000010001
1111110000100000
1110001100001000
000000000010001
1111110111001000
000000000010001
1111110010101000
1111110000010000
000000000011011
1110000000100000
1110001100001000
000000000010001
1111110010101000
1111110000010000
000000000011011
1110000000100000
1110001100001000
000000000011100
1110110000010000
000000000010001
1111110000100000
1110001100001000
000000000010001
1111110111001000
000000000010001
1111110010101000
1111110000010000
000000000011101
1110000000100000
1110001100001000
000000000010010
1111110000010000
000000000010011
1110000010100000
1111110000010000
000000000010001
1111110000100000
1110001100001000
000000000010001
1111110111001000
000000000011011
1111110000010000
000000000011110
1110000010100000
1111110000010000
000000000010001
1111110000100000
1110001100001000
000000000010001
1111110111001000
000000000010001
1111110010001000
1111110000100000
1111110000010000
000000000010001
1111110010001000
1111110000100000
1110000000001000
000000000010001
1111110111001000
000000000010110
1111110000010000
000000000011111
1110000010100000
1111110000010000
000000000010001
1111110000100000
1110001100001000
000000000010001
1111110111001000
000000000010001
1111110010001000
1111110000100000
1111110000010000
000000000010001
1111110010001000
1111110000100000
1111000111001000
000000000010001
1111110111001000
000000000011000
1111110000010000
000000000100000
1110000010100000
1111110000010000
000000000010001
1111110000100000
1110001100001000
000000000010001
1111110111001000
000000000011000
1111110000010000
000000000100000
1110000010100000
1111110000010000
000000000010001
1111110000100000
1110001100001000
000000000010001
1111110111001000
000000000010001
1111110010001000
1111110000100000
1111110000010000
000000000010001
1111110010001000
1111110000100000
1110000000001000
000000000010001
1111110111001000
000000000010001
1111110010001000
1111110000100000
1111110000010000
000000000010001
1111110010001000
1111110000100000
1111000111001000
000000000010001
1111110111001000
000000000011110
1110110000010000
000000000100000
1110000010100000
1111110000010000
000000000010001
1111110000100000
1110001100001000
000000000010001
1111110111001000
000000000010001
1111110010001000
1111110000100000
1111110000010000
000000000010001
1111110010001000
1111110000100000
1110000000001000
000000000010001
1111110111001000
